img2X/1366942094286.jpg 1 0 0 185 128
img2X/13669420942860.jpg 1 0 0 185 128
img2X/1366942094401.jpg 1 0 0 191 132
img2X/13669420944010.jpg 1 0 0 191 132
img2X/1366942094502.jpg 1 0 0 191 132
img2X/13669420945020.jpg 1 0 0 191 132
img2X/1366942094642.jpg 1 0 0 198 137
img2X/13669420946420.jpg 1 0 0 198 137
img2X/1366942094732.jpg 1 0 0 186 123
img2X/13669420947320.jpg 1 0 0 186 123
img2X/1366942094974.jpg 1 0 0 198 137
img2X/13669420949740.jpg 1 0 0 198 137
img2X/1366942095071.jpg 1 0 0 197 137
img2X/13669420950710.jpg 1 0 0 197 137
img2X/1366942095247.jpg 1 0 0 197 136
img2X/13669420952470.jpg 1 0 0 197 136
img2X/1366942095379.jpg 1 0 0 198 136
img2X/13669420953790.jpg 1 0 0 198 136
img2X/1366942095513.jpg 1 0 0 206 132
img2X/13669420955130.jpg 1 0 0 206 132
img2X/1366942095671.jpg 1 0 0 203 132
img2X/13669420956710.jpg 1 0 0 203 132
img2X/1366942095809.jpg 1 0 0 204 137
img2X/13669420958090.jpg 1 0 0 204 137
img2X/1366942095904.jpg 1 0 0 204 137
img2X/13669420959040.jpg 1 0 0 204 137
img2X/1366942096007.jpg 1 0 0 203 137
img2X/13669420960070.jpg 1 0 0 203 137
img2X/1366942096105.jpg 1 0 0 204 144
img2X/13669420961050.jpg 1 0 0 204 144
img2X/1366942096203.jpg 1 0 0 203 145
img2X/13669420962030.jpg 1 0 0 203 145
img2X/1366942096329.jpg 1 0 0 204 160
img2X/13669420963290.jpg 1 0 0 204 160
img2X/1366942096451.jpg 1 0 0 204 161
img2X/13669420964510.jpg 1 0 0 204 161
img2X/1366942096594.jpg 1 0 0 186 124
img2X/13669420965940.jpg 1 0 0 186 124
img2X/1366942096717.jpg 1 0 0 186 124
img2X/13669420967170.jpg 1 0 0 186 124
img2X/1366942096808.jpg 1 0 0 204 161
img2X/13669420968080.jpg 1 0 0 204 161
img2X/1366942096907.jpg 1 0 0 204 161
img2X/13669420969070.jpg 1 0 0 204 161
img2X/1366942097025.jpg 1 0 0 203 161
img2X/13669420970250.jpg 1 0 0 203 161
img2X/1366942097170.jpg 1 0 0 204 151
img2X/13669420971700.jpg 1 0 0 204 151
img2X/1366942097309.jpg 1 0 0 204 151
img2X/13669420973090.jpg 1 0 0 204 151
img2X/1366942097420.jpg 1 0 0 204 152
img2X/13669420974200.jpg 1 0 0 204 152
img2X/1366942097509.jpg 1 0 0 204 152
img2X/13669420975090.jpg 1 0 0 204 152
img2X/1366942097614.jpg 1 0 0 204 151
img2X/13669420976140.jpg 1 0 0 204 151
img2X/1366942097720.jpg 1 0 0 204 151
img2X/13669420977200.jpg 1 0 0 204 151
img2X/1366942097850.jpg 1 0 0 204 152
img2X/13669420978500.jpg 1 0 0 204 152
img2X/1366942097957.jpg 1 0 0 204 151
img2X/13669420979570.jpg 1 0 0 204 151
img2X/1366942098103.jpg 1 0 0 205 161
img2X/13669420981030.jpg 1 0 0 205 161
img2X/1366942098508.jpg 1 0 0 205 161
img2X/13669420985080.jpg 1 0 0 205 161
img2X/1366942098928.jpg 1 0 0 205 160
img2X/13669420989280.jpg 1 0 0 205 160
img2X/1366942099517.jpg 1 0 0 222 163
img2X/13669420995170.jpg 1 0 0 222 163
img2X/1366942099938.jpg 1 0 0 222 163
img2X/13669420999380.jpg 1 0 0 222 163
img2X/1366942100299.jpg 1 0 0 232 166
img2X/13669421002990.jpg 1 0 0 232 166
img2X/1366942101117.jpg 1 0 0 232 153
img2X/13669421011170.jpg 1 0 0 232 153
img2X/1366942102257.jpg 1 0 0 253 163
img2X/13669421022570.jpg 1 0 0 253 163
img2X/1366942102372.jpg 1 0 0 253 162
img2X/13669421023720.jpg 1 0 0 253 162
img2X/1366942102506.jpg 1 0 0 252 163
img2X/13669421025060.jpg 1 0 0 252 163
img2X/1366942102600.jpg 1 0 0 252 163
img2X/13669421026000.jpg 1 0 0 252 163
img2X/1366942102745.jpg 1 0 0 252 163
img2X/13669421027450.jpg 1 0 0 252 163
img2X/1366942102924.jpg 1 0 0 252 170
img2X/13669421029240.jpg 1 0 0 252 170
img2X/1366942103049.jpg 1 0 0 253 170
img2X/13669421030490.jpg 1 0 0 253 170
img2X/1366942103135.jpg 1 0 0 252 170
img2X/13669421031350.jpg 1 0 0 252 170
img2X/1366942103261.jpg 1 0 0 253 169
img2X/13669421032610.jpg 1 0 0 253 169
img2X/1366942103383.jpg 1 0 0 252 169
img2X/13669421033830.jpg 1 0 0 252 169
img2X/1366942103471.jpg 1 0 0 252 169
img2X/13669421034710.jpg 1 0 0 252 169
img2X/1366942103573.jpg 1 0 0 252 169
img2X/13669421035730.jpg 1 0 0 252 169
img2X/1366942103716.jpg 1 0 0 252 169
img2X/13669421037160.jpg 1 0 0 252 169
img2X/1366942103808.jpg 1 0 0 253 169
img2X/13669421038080.jpg 1 0 0 253 169
img2X/1366942103940.jpg 1 0 0 253 169
img2X/13669421039400.jpg 1 0 0 253 169
img2X/1366942104085.jpg 1 0 0 253 175
img2X/13669421040850.jpg 1 0 0 253 175
img2X/1366942104175.jpg 1 0 0 253 175
img2X/13669421041750.jpg 1 0 0 253 175
img2X/1366942104323.jpg 1 0 0 252 175
img2X/13669421043230.jpg 1 0 0 252 175
img2X/1366942104579.jpg 1 0 0 253 175
img2X/13669421045790.jpg 1 0 0 253 175
img2X/1366942104722.jpg 1 0 0 252 175
img2X/13669421047220.jpg 1 0 0 252 175
img2X/1366942104811.jpg 1 0 0 252 175
img2X/13669421048110.jpg 1 0 0 252 175
img2X/1366942104969.jpg 1 0 0 252 175
img2X/13669421049690.jpg 1 0 0 252 175
img2X/1366942105117.jpg 1 0 0 267 177
img2X/13669421051170.jpg 1 0 0 267 177
img2X/1366942105213.jpg 1 0 0 267 177
img2X/13669421052130.jpg 1 0 0 267 177
img2X/1366942105322.jpg 1 0 0 292 194
img2X/13669421053220.jpg 1 0 0 292 194
img2X/1366942105414.jpg 1 0 0 292 185
img2X/13669421054140.jpg 1 0 0 292 185
img2X/1366942105512.jpg 1 0 0 292 185
img2X/13669421055120.jpg 1 0 0 292 185
img2X/1366942105667.jpg 1 0 0 292 185
img2X/13669421056670.jpg 1 0 0 292 185
img2X/1366942105795.jpg 1 0 0 292 186
img2X/13669421057950.jpg 1 0 0 292 186
img2X/1366942105883.jpg 1 0 0 292 185
img2X/13669421058830.jpg 1 0 0 292 185
img2X/1366942106027.jpg 1 0 0 291 186
img2X/13669421060270.jpg 1 0 0 291 186
img2X/1366942106174.jpg 1 0 0 291 186
img2X/13669421061740.jpg 1 0 0 291 186
img2X/1366942106542.jpg 1 0 0 292 185
img2X/13669421065420.jpg 1 0 0 292 185
img2X/1366942106698.jpg 1 0 0 243 170
img2X/13669421066980.jpg 1 0 0 243 170
img2X/1366942106826.jpg 1 0 0 243 170
img2X/13669421068260.jpg 1 0 0 243 170
img2X/1366942106938.jpg 1 0 0 243 170
img2X/13669421069380.jpg 1 0 0 243 170
img2X/1366942107080.jpg 1 0 0 243 170
img2X/13669421070800.jpg 1 0 0 243 170
img2X/1366942107199.jpg 1 0 0 186 139
img2X/13669421071990.jpg 1 0 0 186 139
img2X/1366942107292.jpg 1 0 0 186 139
img2X/13669421072920.jpg 1 0 0 186 139
img2X/1366942107463.jpg 1 0 0 187 139
img2X/13669421074630.jpg 1 0 0 187 139
img2X/1366942107602.jpg 1 0 0 186 138
img2X/13669421076020.jpg 1 0 0 186 138
img2X/1366942107741.jpg 1 0 0 187 139
img2X/13669421077410.jpg 1 0 0 187 139
img2X/1366942107885.jpg 1 0 0 187 139
img2X/13669421078850.jpg 1 0 0 187 139
img2X/1366942108021.jpg 1 0 0 149 115
img2X/13669421080210.jpg 1 0 0 149 115
img2X/1366942108136.jpg 1 0 0 149 115
img2X/13669421081360.jpg 1 0 0 149 115
img2X/1366942108247.jpg 1 0 0 149 115
img2X/13669421082470.jpg 1 0 0 149 115
img2X/1366942108474.jpg 1 0 0 156 119
img2X/13669421084740.jpg 1 0 0 156 119
img2X/1366942108599.jpg 1 0 0 156 118
img2X/13669421085990.jpg 1 0 0 156 118
img2X/1366942108703.jpg 1 0 0 156 119
img2X/13669421087030.jpg 1 0 0 156 119
img2X/1366942108884.jpg 1 0 0 155 129
img2X/13669421088840.jpg 1 0 0 155 129
img2X/1366942109003.jpg 1 0 0 156 129
img2X/13669421090030.jpg 1 0 0 156 129
img2X/1366942109097.jpg 1 0 0 156 129
img2X/13669421090970.jpg 1 0 0 156 129
img2X/1366942109197.jpg 1 0 0 181 129
img2X/13669421091970.jpg 1 0 0 181 129
img2X/1366942109344.jpg 1 0 0 181 129
img2X/13669421093440.jpg 1 0 0 181 129
img2X/1366942109437.jpg 1 0 0 187 143
img2X/13669421094370.jpg 1 0 0 187 143
img2X/1366942109578.jpg 1 0 0 187 143
img2X/13669421095780.jpg 1 0 0 187 143
img2X/1366942109707.jpg 1 0 0 202 147
img2X/13669421097070.jpg 1 0 0 202 147
img2X/1366942109800.jpg 1 0 0 206 147
img2X/13669421098000.jpg 1 0 0 206 147
img2X/1366942109899.jpg 1 0 0 206 147
img2X/13669421098990.jpg 1 0 0 206 147
img2X/1366942110057.jpg 1 0 0 206 147
img2X/13669421100570.jpg 1 0 0 206 147
img2X/1366942110175.jpg 1 0 0 243 190
img2X/13669421101750.jpg 1 0 0 243 190
img2X/1366942110268.jpg 1 0 0 243 190
img2X/13669421102680.jpg 1 0 0 243 190
img2X/1366942110367.jpg 1 0 0 243 190
img2X/13669421103670.jpg 1 0 0 243 190
img2X/1366942110510.jpg 1 0 0 243 190
img2X/13669421105100.jpg 1 0 0 243 190
img2X/1366942110608.jpg 1 0 0 243 190
img2X/13669421106080.jpg 1 0 0 243 190
img2X/1366942110750.jpg 1 0 0 243 189
img2X/13669421107500.jpg 1 0 0 243 189
img2X/1366942110885.jpg 1 0 0 243 172
img2X/13669421108850.jpg 1 0 0 243 172
img2X/1366942111017.jpg 1 0 0 243 172
img2X/13669421110170.jpg 1 0 0 243 172
img2X/1366942111163.jpg 1 0 0 243 142
img2X/13669421111630.jpg 1 0 0 243 142
img2X/1366942111778.jpg 1 0 0 199 142
img2X/13669421117780.jpg 1 0 0 199 142
img2X/1366942111902.jpg 1 0 0 208 153
img2X/13669421119020.jpg 1 0 0 208 153
img2X/1366942112022.jpg 1 0 0 208 153
img2X/13669421120220.jpg 1 0 0 208 153
img2X/1366942112137.jpg 1 0 0 209 153
img2X/13669421121370.jpg 1 0 0 209 153
img2X/1366942112269.jpg 1 0 0 209 139
img2X/13669421122690.jpg 1 0 0 209 139
img2X/1366942112417.jpg 1 0 0 210 122
img2X/13669421124170.jpg 1 0 0 210 122
img2X/1366942112576.jpg 1 0 0 210 122
img2X/13669421125760.jpg 1 0 0 210 122
img2X/1366942112721.jpg 1 0 0 209 136
img2X/13669421127210.jpg 1 0 0 209 136
img2X/1366942112863.jpg 1 0 0 209 145
img2X/13669421128630.jpg 1 0 0 209 145
img2X/1366942112994.jpg 1 0 0 209 145
img2X/13669421129940.jpg 1 0 0 209 145
img2X/1366942113140.jpg 1 0 0 209 145
img2X/13669421131400.jpg 1 0 0 209 145
img2X/1366942113260.jpg 1 0 0 209 145
img2X/13669421132600.jpg 1 0 0 209 145
img2X/1366942113353.jpg 1 0 0 208 145
img2X/13669421133530.jpg 1 0 0 208 145
img2X/1366942113453.jpg 1 0 0 208 145
img2X/13669421134530.jpg 1 0 0 208 145
img2X/1366942113623.jpg 1 0 0 208 145
img2X/13669421136230.jpg 1 0 0 208 145
img2X/1366942113756.jpg 1 0 0 208 145
img2X/13669421137560.jpg 1 0 0 208 145
img2X/1366942113880.jpg 1 0 0 208 145
img2X/13669421138800.jpg 1 0 0 208 145
img2X/1366942114005.jpg 1 0 0 209 146
img2X/13669421140050.jpg 1 0 0 209 146
img2X/1366942114130.jpg 1 0 0 208 146
img2X/13669421141300.jpg 1 0 0 208 146
img2X/1366942114333.jpg 1 0 0 217 145
img2X/13669421143330.jpg 1 0 0 217 145
img2X/1366942114481.jpg 1 0 0 216 145
img2X/13669421144810.jpg 1 0 0 216 145
img2X/1366942114600.jpg 1 0 0 216 146
img2X/13669421146000.jpg 1 0 0 216 146
img2X/1366942114690.jpg 1 0 0 216 154
img2X/13669421146900.jpg 1 0 0 216 154
img2X/1366942114800.jpg 1 0 0 216 154
img2X/13669421148000.jpg 1 0 0 216 154
img2X/1366942114911.jpg 1 0 0 217 154
img2X/13669421149110.jpg 1 0 0 217 154
img2X/1366942115036.jpg 1 0 0 216 158
img2X/13669421150360.jpg 1 0 0 216 158
img2X/1366942115161.jpg 1 0 0 216 158
img2X/13669421151610.jpg 1 0 0 216 158
img2X/1366942115296.jpg 1 0 0 216 158
img2X/13669421152960.jpg 1 0 0 216 158
img2X/1366942115412.jpg 1 0 0 216 158
img2X/13669421154120.jpg 1 0 0 216 158
img2X/1366942115567.jpg 1 0 0 216 158
img2X/13669421155670.jpg 1 0 0 216 158
img2X/1366942115658.jpg 1 0 0 216 158
img2X/13669421156580.jpg 1 0 0 216 158
img2X/1366942115758.jpg 1 0 0 217 158
img2X/13669421157580.jpg 1 0 0 217 158
img2X/1366942115935.jpg 1 0 0 228 162
img2X/13669421159350.jpg 1 0 0 228 162
img2X/1366942116069.jpg 1 0 0 229 162
img2X/13669421160690.jpg 1 0 0 229 162
img2X/1366942116163.jpg 1 0 0 229 162
img2X/13669421161630.jpg 1 0 0 229 162
img2X/1366942116744.jpg 1 0 0 238 171
img2X/13669421167440.jpg 1 0 0 238 171
img2X/1366942116897.jpg 1 0 0 238 171
img2X/13669421168970.jpg 1 0 0 238 171
img2X/1366942117017.jpg 1 0 0 238 171
img2X/13669421170170.jpg 1 0 0 238 171
img2X/1366942117151.jpg 1 0 0 247 184
img2X/13669421171510.jpg 1 0 0 247 184
img2X/1366942117291.jpg 1 0 0 246 185
img2X/13669421172910.jpg 1 0 0 246 185
img2X/1366942117411.jpg 1 0 0 247 185
img2X/13669421174110.jpg 1 0 0 247 185
img2X/1366942117502.jpg 1 0 0 246 185
img2X/13669421175020.jpg 1 0 0 246 185
img2X/1366942117613.jpg 1 0 0 247 185
img2X/13669421176130.jpg 1 0 0 247 185
img2X/1366942117703.jpg 1 0 0 247 184
img2X/13669421177030.jpg 1 0 0 247 184
img2X/1366942117810.jpg 1 0 0 246 185
img2X/13669421178100.jpg 1 0 0 246 185
img2X/1366942117944.jpg 1 0 0 265 184
img2X/13669421179440.jpg 1 0 0 265 184
img2X/1366942118039.jpg 1 0 0 265 185
img2X/13669421180390.jpg 1 0 0 265 185
img2X/1366942118249.jpg 1 0 0 265 184
img2X/13669421182490.jpg 1 0 0 265 184
img2X/1366942118387.jpg 1 0 0 288 194
img2X/13669421183870.jpg 1 0 0 288 194
img2X/1366942118474.jpg 1 0 0 288 194
img2X/13669421184740.jpg 1 0 0 288 194
img2X/1366942118599.jpg 1 0 0 294 192
img2X/13669421185990.jpg 1 0 0 294 192
img2X/1366942118721.jpg 1 0 0 295 196
img2X/13669421187210.jpg 1 0 0 295 196
img2X/1366942118806.jpg 1 0 0 295 196
img2X/13669421188060.jpg 1 0 0 295 196
img2X/1366942118910.jpg 1 0 0 295 196
img2X/13669421189100.jpg 1 0 0 295 196
img2X/1366942119006.jpg 1 0 0 295 196
img2X/13669421190060.jpg 1 0 0 295 196
img2X/1366942119163.jpg 1 0 0 295 196
img2X/13669421191630.jpg 1 0 0 295 196
img2X/1366942119282.jpg 1 0 0 295 196
img2X/13669421192820.jpg 1 0 0 295 196
img2X/1366942119375.jpg 1 0 0 294 196
img2X/13669421193750.jpg 1 0 0 294 196
img2X/1366942119475.jpg 1 0 0 294 196
img2X/13669421194750.jpg 1 0 0 294 196
img2X/1366942119667.jpg 1 0 0 294 196
img2X/13669421196670.jpg 1 0 0 294 196
img2X/1366942119805.jpg 1 0 0 295 191
img2X/13669421198050.jpg 1 0 0 295 191
img2X/1366942119924.jpg 1 0 0 295 192
img2X/13669421199240.jpg 1 0 0 295 192
img2X/1366942120013.jpg 1 0 0 295 192
img2X/13669421200130.jpg 1 0 0 295 192
img2X/1366942120116.jpg 1 0 0 294 191
img2X/13669421201160.jpg 1 0 0 294 191
img2X/1366942120259.jpg 1 0 0 294 199
img2X/13669421202590.jpg 1 0 0 294 199
img2X/1366942120418.jpg 1 0 0 307 203
img2X/13669421204180.jpg 1 0 0 307 203
img2X/1366942120562.jpg 1 0 0 307 203
img2X/13669421205620.jpg 1 0 0 307 203
img2X/1366942120808.jpg 1 0 0 307 207
img2X/13669421208080.jpg 1 0 0 307 207
img2X/1366942120959.jpg 1 0 0 328 217
img2X/13669421209590.jpg 1 0 0 328 217
img2X/1366942121095.jpg 1 0 0 328 217
img2X/13669421210950.jpg 1 0 0 328 217
img2X/1366942121187.jpg 1 0 0 329 230
img2X/13669421211870.jpg 1 0 0 329 230
img2X/1366942121634.jpg 1 0 0 352 264
img2X/13669421216340.jpg 1 0 0 352 264
img2X/1366942121789.jpg 1 0 0 352 264
img2X/13669421217890.jpg 1 0 0 352 264
img2X/1366942121896.jpg 1 0 0 352 263
img2X/13669421218960.jpg 1 0 0 352 263
img2X/1366942121990.jpg 1 0 0 352 263
img2X/13669421219900.jpg 1 0 0 352 263
img2X/1366942122089.jpg 1 0 0 352 263
img2X/13669421220890.jpg 1 0 0 352 263
img2X/1366942122191.jpg 1 0 0 352 288
img2X/13669421221910.jpg 1 0 0 352 288
img2X/1366942122334.jpg 1 0 0 352 288
img2X/13669421223340.jpg 1 0 0 352 288
img2X/1366942122434.jpg 1 0 0 352 288
img2X/13669421224340.jpg 1 0 0 352 288
img2X/1366942122526.jpg 1 0 0 352 288
img2X/13669421225260.jpg 1 0 0 352 288
img2X/1366942122645.jpg 1 0 0 352 288
img2X/13669421226450.jpg 1 0 0 352 288
img2X/1366942122769.jpg 1 0 0 352 288
img2X/13669421227690.jpg 1 0 0 352 288
img2X/1366942122904.jpg 1 0 0 352 288
img2X/13669421229040.jpg 1 0 0 352 288
img2X/1366942123058.jpg 1 0 0 352 288
img2X/13669421230580.jpg 1 0 0 352 288
img2X/1366942123174.jpg 1 0 0 352 288
img2X/13669421231740.jpg 1 0 0 352 288
img2X/1366942123325.jpg 1 0 0 352 288
img2X/13669421233250.jpg 1 0 0 352 288
img2X/1366942123463.jpg 1 0 0 352 288
img2X/13669421234630.jpg 1 0 0 352 288
img2X/1366942123571.jpg 1 0 0 352 288
img2X/13669421235710.jpg 1 0 0 352 288
img2X/1366942123662.jpg 1 0 0 352 288
img2X/13669421236620.jpg 1 0 0 352 288
img2X/1366942123766.jpg 1 0 0 352 288
img2X/13669421237660.jpg 1 0 0 352 288
img2X/1366942123869.jpg 1 0 0 352 288
img2X/13669421238690.jpg 1 0 0 352 288
img2X/1366942123965.jpg 1 0 0 352 288
img2X/13669421239650.jpg 1 0 0 352 288
img2X/1366942124193.jpg 1 0 0 352 288
img2X/13669421241930.jpg 1 0 0 352 288
img2X/1366942124332.jpg 1 0 0 352 288
img2X/13669421243320.jpg 1 0 0 352 288
img2X/1366942124442.jpg 1 0 0 352 288
img2X/13669421244420.jpg 1 0 0 352 288
img2X/1366942124533.jpg 1 0 0 352 288
img2X/13669421245330.jpg 1 0 0 352 288
img2X/1366942124631.jpg 1 0 0 352 288
img2X/13669421246310.jpg 1 0 0 352 288
img2X/1366942124742.jpg 1 0 0 352 288
img2X/13669421247420.jpg 1 0 0 352 288
img2X/1366942124874.jpg 1 0 0 352 288
img2X/13669421248740.jpg 1 0 0 352 288
img2X/1366942125014.jpg 1 0 0 352 288
img2X/13669421250140.jpg 1 0 0 352 288
img2X/1366942125141.jpg 1 0 0 352 288
img2X/13669421251410.jpg 1 0 0 352 288
img2X/1366942125234.jpg 1 0 0 352 288
img2X/13669421252340.jpg 1 0 0 352 288
img2X/1366942125340.jpg 1 0 0 352 288
img2X/13669421253400.jpg 1 0 0 352 288
img2X/1366942125443.jpg 1 0 0 352 288
img2X/13669421254430.jpg 1 0 0 352 288
img2X/1366942125601.jpg 1 0 0 352 288
img2X/13669421256010.jpg 1 0 0 352 288
img2X/1366942126352.jpg 1 0 0 352 288
img2X/13669421263520.jpg 1 0 0 352 288
img2X/1366942126613.jpg 1 0 0 352 288
img2X/13669421266130.jpg 1 0 0 352 288
img2X/1366942126754.jpg 1 0 0 352 288
img2X/13669421267540.jpg 1 0 0 352 288
img2X/1366942126889.jpg 1 0 0 352 288
img2X/13669421268890.jpg 1 0 0 352 288
img2X/1366942126979.jpg 1 0 0 352 288
img2X/13669421269790.jpg 1 0 0 352 288
img2X/1366942127103.jpg 1 0 0 352 288
img2X/13669421271030.jpg 1 0 0 352 288
img2X/1366942127224.jpg 1 0 0 352 288
img2X/13669421272240.jpg 1 0 0 352 288
img2X/1366942127314.jpg 1 0 0 352 288
img2X/13669421273140.jpg 1 0 0 352 288
img2X/1366942127455.jpg 1 0 0 352 288
img2X/13669421274550.jpg 1 0 0 352 288
img2X/1366942127586.jpg 1 0 0 352 288
img2X/13669421275860.jpg 1 0 0 352 288
img2X/1366942127684.jpg 1 0 0 352 288
img2X/13669421276840.jpg 1 0 0 352 288
img2X/1366942127827.jpg 1 0 0 352 288
img2X/13669421278270.jpg 1 0 0 352 288
img2X/1366942127961.jpg 1 0 0 352 288
img2X/13669421279610.jpg 1 0 0 352 288
img2X/1366942128073.jpg 1 0 0 352 288
img2X/13669421280730.jpg 1 0 0 352 288
img2X/1366942128196.jpg 1 0 0 352 288
img2X/13669421281960.jpg 1 0 0 352 288
img2X/1366942128295.jpg 1 0 0 352 288
img2X/13669421282950.jpg 1 0 0 352 288
img2X/1366942128428.jpg 1 0 0 352 262
img2X/13669421284280.jpg 1 0 0 352 262
img2X/1366942128519.jpg 1 0 0 352 262
img2X/13669421285190.jpg 1 0 0 352 262
img2X/1366942128645.jpg 1 0 0 352 262
img2X/13669421286450.jpg 1 0 0 352 262
img2X/1366942128761.jpg 1 0 0 352 262
img2X/13669421287610.jpg 1 0 0 352 262
img2X/1366942128875.jpg 1 0 0 352 262
img2X/13669421288750.jpg 1 0 0 352 262
img2X/1366942129000.jpg 1 0 0 352 248
img2X/13669421290000.jpg 1 0 0 352 248
img2X/1366942129256.jpg 1 0 0 352 248
img2X/13669421292560.jpg 1 0 0 352 248
img2X/1366942129365.jpg 1 0 0 352 248
img2X/13669421293650.jpg 1 0 0 352 248
img2X/1366942129459.jpg 1 0 0 352 248
img2X/13669421294590.jpg 1 0 0 352 248
img2X/1366942129578.jpg 1 0 0 352 226
img2X/13669421295780.jpg 1 0 0 352 226
img2X/1366942129700.jpg 1 0 0 352 215
img2X/13669421297000.jpg 1 0 0 352 215
img2X/1366942129813.jpg 1 0 0 352 210
img2X/13669421298130.jpg 1 0 0 352 210
img2X/1366942129940.jpg 1 0 0 352 210
img2X/13669421299400.jpg 1 0 0 352 210
img2X/1366942130039.jpg 1 0 0 352 210
img2X/13669421300390.jpg 1 0 0 352 210
img2X/1366942130182.jpg 1 0 0 352 210
img2X/13669421301820.jpg 1 0 0 352 210
img2X/1366942130307.jpg 1 0 0 352 210
img2X/13669421303070.jpg 1 0 0 352 210
img2X/1366942130413.jpg 1 0 0 352 210
img2X/13669421304130.jpg 1 0 0 352 210
img2X/1366942130550.jpg 1 0 0 352 210
img2X/13669421305500.jpg 1 0 0 352 210
img2X/1366942130670.jpg 1 0 0 352 210
img2X/13669421306700.jpg 1 0 0 352 210
img2X/1366942131017.jpg 1 0 0 352 252
img2X/13669421310170.jpg 1 0 0 352 252
img2X/1366942131176.jpg 1 0 0 352 253
img2X/13669421311760.jpg 1 0 0 352 253
img2X/1366942131320.jpg 1 0 0 352 253
img2X/13669421313200.jpg 1 0 0 352 253
img2X/1366942131442.jpg 1 0 0 352 269
img2X/13669421314420.jpg 1 0 0 352 269
img2X/1366942131534.jpg 1 0 0 352 287
img2X/13669421315340.jpg 1 0 0 352 287
img2X/1366942131644.jpg 1 0 0 352 287
img2X/13669421316440.jpg 1 0 0 352 287
img2X/1366942131731.jpg 1 0 0 352 287
img2X/13669421317310.jpg 1 0 0 352 287
img2X/1366942131877.jpg 1 0 0 352 287
img2X/13669421318770.jpg 1 0 0 352 287
img2X/1366942132008.jpg 1 0 0 352 287
img2X/13669421320080.jpg 1 0 0 352 287
img2X/1366942132161.jpg 1 0 0 352 287
img2X/13669421321610.jpg 1 0 0 352 287
img2X/1366942132277.jpg 1 0 0 352 287
img2X/13669421322770.jpg 1 0 0 352 287
img2X/1366942132373.jpg 1 0 0 352 288
img2X/13669421323730.jpg 1 0 0 352 288
img2X/1366942132497.jpg 1 0 0 352 287
img2X/13669421324970.jpg 1 0 0 352 287
img2X/1366942132614.jpg 1 0 0 352 287
img2X/13669421326140.jpg 1 0 0 352 287
img2X/1366942132864.jpg 1 0 0 352 287
img2X/13669421328640.jpg 1 0 0 352 287
img2X/1366942132998.jpg 1 0 0 352 287
img2X/13669421329980.jpg 1 0 0 352 287
img2X/1366942133118.jpg 1 0 0 352 287
img2X/13669421331180.jpg 1 0 0 352 287
img2X/1366942133207.jpg 1 0 0 352 287
img2X/13669421332070.jpg 1 0 0 352 287
img2X/1366942133308.jpg 1 0 0 352 287
img2X/13669421333080.jpg 1 0 0 352 287
img2X/1366942133431.jpg 1 0 0 352 287
img2X/13669421334310.jpg 1 0 0 352 287
img2X/1366942133554.jpg 1 0 0 352 287
img2X/13669421335540.jpg 1 0 0 352 287
img2X/1366942133663.jpg 1 0 0 352 287
img2X/13669421336630.jpg 1 0 0 352 287
img2X/1366942133787.jpg 1 0 0 352 287
img2X/13669421337870.jpg 1 0 0 352 287
img2X/1366942133879.jpg 1 0 0 352 287
img2X/13669421338790.jpg 1 0 0 352 287
img2X/1366942133976.jpg 1 0 0 352 287
img2X/13669421339760.jpg 1 0 0 352 287
img2X/1366942134133.jpg 1 0 0 351 269
img2X/13669421341330.jpg 1 0 0 351 269
img2X/1366942134258.jpg 1 0 0 351 254
img2X/13669421342580.jpg 1 0 0 351 254
img2X/1366942134348.jpg 1 0 0 351 248
img2X/13669421343480.jpg 1 0 0 351 248
img2X/1366942134445.jpg 1 0 0 351 228
img2X/13669421344450.jpg 1 0 0 351 228
img2X/1366942134557.jpg 1 0 0 351 213
img2X/13669421345570.jpg 1 0 0 351 213
img2X/1366942134702.jpg 1 0 0 351 213
img2X/13669421347020.jpg 1 0 0 351 213
img2X/1366942134873.jpg 1 0 0 351 200
img2X/13669421348730.jpg 1 0 0 351 200
img2X/1366942134983.jpg 1 0 0 351 200
img2X/13669421349830.jpg 1 0 0 351 200
img2X/1366942135092.jpg 1 0 0 351 200
img2X/13669421350920.jpg 1 0 0 351 200
img2X/1366942135329.jpg 1 0 0 351 200
img2X/13669421353290.jpg 1 0 0 351 200
img2X/1366942135460.jpg 1 0 0 351 200
img2X/13669421354600.jpg 1 0 0 351 200
img2X/1366942135552.jpg 1 0 0 351 200
img2X/13669421355520.jpg 1 0 0 351 200
img2X/1366942135677.jpg 1 0 0 351 215
img2X/13669421356770.jpg 1 0 0 351 215
img2X/1366942136210.jpg 1 0 0 351 273
img2X/13669421362100.jpg 1 0 0 351 273
img2X/1366942136333.jpg 1 0 0 351 288
img2X/13669421363330.jpg 1 0 0 351 288
img2X/1366942136425.jpg 1 0 0 351 288
img2X/13669421364250.jpg 1 0 0 351 288
img2X/1366942136602.jpg 1 0 0 351 288
img2X/13669421366020.jpg 1 0 0 351 288
img2X/1366942136728.jpg 1 0 0 351 288
img2X/13669421367280.jpg 1 0 0 351 288
img2X/1366942136827.jpg 1 0 0 351 288
img2X/13669421368270.jpg 1 0 0 351 288
img2X/1366942137051.jpg 1 0 0 337 287
img2X/13669421370510.jpg 1 0 0 337 287
img2X/1366942137166.jpg 1 0 0 322 287
img2X/13669421371660.jpg 1 0 0 322 287
img2X/1366942137258.jpg 1 0 0 306 287
img2X/13669421372580.jpg 1 0 0 306 287
img2X/1366942137358.jpg 1 0 0 306 287
img2X/13669421373580.jpg 1 0 0 306 287
img2X/1366942137489.jpg 1 0 0 306 287
img2X/13669421374890.jpg 1 0 0 306 287
img2X/1366942137619.jpg 1 0 0 306 287
img2X/13669421376190.jpg 1 0 0 306 287
img2X/1366942137738.jpg 1 0 0 314 287
img2X/13669421377380.jpg 1 0 0 314 287
img2X/1366942137829.jpg 1 0 0 314 287
img2X/13669421378290.jpg 1 0 0 314 287
img2X/1366942137939.jpg 1 0 0 314 287
img2X/13669421379390.jpg 1 0 0 314 287
img2X/1366942138031.jpg 1 0 0 314 287
img2X/13669421380310.jpg 1 0 0 314 287
img2X/1366942138134.jpg 1 0 0 328 287
img2X/13669421381340.jpg 1 0 0 328 287
img2X/1366942138302.jpg 1 0 0 352 287
img2X/13669421383020.jpg 1 0 0 352 287
img2X/1366942138442.jpg 1 0 0 352 287
img2X/13669421384420.jpg 1 0 0 352 287
img2X/1366942138533.jpg 1 0 0 352 287
img2X/13669421385330.jpg 1 0 0 352 287
img2X/1366942138654.jpg 1 0 0 352 287
img2X/13669421386540.jpg 1 0 0 352 287
img2X/1366942138778.jpg 1 0 0 352 287
img2X/13669421387780.jpg 1 0 0 352 287
img2X/1366942138910.jpg 1 0 0 352 287
img2X/13669421389100.jpg 1 0 0 352 287
img2X/1366942139021.jpg 1 0 0 352 287
img2X/13669421390210.jpg 1 0 0 352 287
img2X/1366942139188.jpg 1 0 0 352 287
img2X/13669421391880.jpg 1 0 0 352 287
img2X/1366942139313.jpg 1 0 0 352 287
img2X/13669421393130.jpg 1 0 0 352 287
img2X/1366942139402.jpg 1 0 0 352 287
img2X/13669421394020.jpg 1 0 0 352 287
img2X/1366942139527.jpg 1 0 0 352 287
img2X/13669421395270.jpg 1 0 0 352 287
img2X/1366942139746.jpg 1 0 0 352 271
img2X/13669421397460.jpg 1 0 0 352 271
img2X/1366942139837.jpg 1 0 0 352 257
img2X/13669421398370.jpg 1 0 0 352 257
img2X/1366942139934.jpg 1 0 0 352 257
img2X/13669421399340.jpg 1 0 0 352 257
img2X/1366942140069.jpg 1 0 0 352 257
img2X/13669421400690.jpg 1 0 0 352 257
img2X/1366942140197.jpg 1 0 0 352 237
img2X/13669421401970.jpg 1 0 0 352 237
img2X/1366942140317.jpg 1 0 0 352 244
img2X/13669421403170.jpg 1 0 0 352 244
img2X/1366942140406.jpg 1 0 0 352 244
img2X/13669421404060.jpg 1 0 0 352 244
img2X/1366942140555.jpg 1 0 0 352 244
img2X/13669421405550.jpg 1 0 0 352 244
img2X/1366942140679.jpg 1 0 0 345 235
img2X/13669421406790.jpg 1 0 0 345 235
img2X/1366942141153.jpg 1 0 0 321 226
img2X/13669421411530.jpg 1 0 0 321 226
img2X/1366942141312.jpg 1 0 0 312 215
img2X/13669421413120.jpg 1 0 0 312 215
img2X/1366942141456.jpg 1 0 0 312 216
img2X/13669421414560.jpg 1 0 0 312 216
img2X/1366942141563.jpg 1 0 0 312 215
img2X/13669421415630.jpg 1 0 0 312 215
img2X/1366942141691.jpg 1 0 0 312 202
img2X/13669421416910.jpg 1 0 0 312 202
img2X/1366942141836.jpg 1 0 0 312 202
img2X/13669421418360.jpg 1 0 0 312 202
img2X/1366942141960.jpg 1 0 0 284 202
img2X/13669421419600.jpg 1 0 0 284 202
img2X/1366942142204.jpg 1 0 0 250 202
img2X/13669421422040.jpg 1 0 0 250 202
img2X/1366942142354.jpg 1 0 0 222 202
img2X/13669421423540.jpg 1 0 0 222 202
img2X/1366942142452.jpg 1 0 0 222 180
img2X/13669421424520.jpg 1 0 0 222 180
img2X/1366942142596.jpg 1 0 0 222 181
img2X/13669421425960.jpg 1 0 0 222 181
img2X/1366942142729.jpg 1 0 0 222 181
img2X/13669421427290.jpg 1 0 0 222 181
img2X/1366942142877.jpg 1 0 0 222 181
img2X/13669421428770.jpg 1 0 0 222 181
img2X/1366942142991.jpg 1 0 0 223 181
img2X/13669421429910.jpg 1 0 0 223 181
img2X/1366942143085.jpg 1 0 0 223 181
img2X/13669421430850.jpg 1 0 0 223 181
img2X/1366942143190.jpg 1 0 0 223 181
img2X/13669421431900.jpg 1 0 0 223 181
img2X/1366942143324.jpg 1 0 0 223 181
img2X/13669421433240.jpg 1 0 0 223 181
img2X/1366942143465.jpg 1 0 0 223 181
img2X/13669421434650.jpg 1 0 0 223 181
img2X/1366942143596.jpg 1 0 0 223 165
img2X/13669421435960.jpg 1 0 0 223 165
img2X/1366942143739.jpg 1 0 0 223 164
img2X/13669421437390.jpg 1 0 0 223 164
img2X/1366942143889.jpg 1 0 0 223 149
img2X/13669421438890.jpg 1 0 0 223 149
img2X/1366942143989.jpg 1 0 0 223 149
img2X/13669421439890.jpg 1 0 0 223 149
img2X/1366942144095.jpg 1 0 0 223 149
img2X/13669421440950.jpg 1 0 0 223 149
img2X/1366942144232.jpg 1 0 0 222 142
img2X/13669421442320.jpg 1 0 0 222 142
img2X/1366942144388.jpg 1 0 0 223 142
img2X/13669421443880.jpg 1 0 0 223 142
img2X/1366942144499.jpg 1 0 0 223 141
img2X/13669421444990.jpg 1 0 0 223 141
img2X/1366942144593.jpg 1 0 0 223 142
img2X/13669421445930.jpg 1 0 0 223 142
img2X/1366942144845.jpg 1 0 0 223 142
img2X/13669421448450.jpg 1 0 0 223 142
img2X/1366942144967.jpg 1 0 0 185 114
img2X/13669421449670.jpg 1 0 0 185 114
img2X/1366942145110.jpg 1 0 0 169 114
img2X/13669421451100.jpg 1 0 0 169 114
img2X/1366942145239.jpg 1 0 0 169 114
img2X/13669421452390.jpg 1 0 0 169 114
img2X/1366942145389.jpg 1 0 0 170 114
img2X/13669421453890.jpg 1 0 0 170 114
img2X/1366942145509.jpg 1 0 0 151 87
img2X/13669421455090.jpg 1 0 0 151 87
img2X/1366942145616.jpg 1 0 0 151 88
img2X/13669421456160.jpg 1 0 0 151 88
img2X/1366942146172.jpg 1 0 0 151 88
img2X/13669421461720.jpg 1 0 0 151 88
img2X/1366942146429.jpg 1 0 0 151 88
img2X/13669421464290.jpg 1 0 0 151 88
img2X/1366942146546.jpg 1 0 0 151 87
img2X/13669421465460.jpg 1 0 0 151 87
img2X/1366942146689.jpg 1 0 0 139 87
img2X/13669421466890.jpg 1 0 0 139 87
img2X/1366942146808.jpg 1 0 0 139 87
img2X/13669421468080.jpg 1 0 0 139 87
img2X/1366942146904.jpg 1 0 0 139 87
img2X/13669421469040.jpg 1 0 0 139 87
img2X/1366942147004.jpg 1 0 0 139 87
img2X/13669421470040.jpg 1 0 0 139 87
img2X/1366942147114.jpg 1 0 0 139 87
img2X/13669421471140.jpg 1 0 0 139 87
img2X/1366942147249.jpg 1 0 0 139 87
img2X/13669421472490.jpg 1 0 0 139 87
img2X/1366942147350.jpg 1 0 0 139 86
img2X/13669421473500.jpg 1 0 0 139 86
img2X/1366942147514.jpg 1 0 0 139 87
img2X/13669421475140.jpg 1 0 0 139 87
img2X/1366942147613.jpg 1 0 0 138 86
img2X/13669421476130.jpg 1 0 0 138 86
img2X/1366942147786.jpg 1 0 0 139 87
img2X/13669421477860.jpg 1 0 0 139 87
img2X/1366942147913.jpg 1 0 0 149 103
img2X/13669421479130.jpg 1 0 0 149 103
img2X/1366942148037.jpg 1 0 0 150 102
img2X/13669421480370.jpg 1 0 0 150 102
img2X/1366942148227.jpg 1 0 0 149 102
img2X/13669421482270.jpg 1 0 0 149 102
img2X/1366942148411.jpg 1 0 0 149 102
img2X/13669421484110.jpg 1 0 0 149 102
img2X/1366942148545.jpg 1 0 0 149 102
img2X/13669421485450.jpg 1 0 0 149 102
img2X/1366942148658.jpg 1 0 0 149 102
img2X/13669421486580.jpg 1 0 0 149 102
img2X/1366942148755.jpg 1 0 0 149 102
img2X/13669421487550.jpg 1 0 0 149 102
img2X/1366942148846.jpg 1 0 0 150 102
img2X/13669421488460.jpg 1 0 0 150 102
img2X/1366942148969.jpg 1 0 0 161 112
img2X/13669421489690.jpg 1 0 0 161 112
img2X/1366942149090.jpg 1 0 0 162 112
img2X/13669421490900.jpg 1 0 0 162 112
img2X/1366942149343.jpg 1 0 0 162 112
img2X/13669421493430.jpg 1 0 0 162 112
img2X/1366942149489.jpg 1 0 0 161 112
img2X/13669421494890.jpg 1 0 0 161 112
img2X/1366942149604.jpg 1 0 0 161 112
img2X/13669421496040.jpg 1 0 0 161 112
img2X/1366942149740.jpg 1 0 0 162 112
img2X/13669421497400.jpg 1 0 0 162 112
img2X/1366942149856.jpg 1 0 0 161 112
img2X/13669421498560.jpg 1 0 0 161 112
img2X/1366942150018.jpg 1 0 0 161 112
img2X/13669421500180.jpg 1 0 0 161 112
img2X/1366942150159.jpg 1 0 0 162 112
img2X/13669421501590.jpg 1 0 0 162 112
img2X/1366942150252.jpg 1 0 0 178 123
img2X/13669421502520.jpg 1 0 0 178 123
img2X/1366942150360.jpg 1 0 0 173 113
img2X/13669421503600.jpg 1 0 0 173 113
img2X/1366942150493.jpg 1 0 0 172 113
img2X/13669421504930.jpg 1 0 0 172 113
img2X/1366942150647.jpg 1 0 0 157 95
img2X/13669421506470.jpg 1 0 0 157 95
img2X/1366942151275.jpg 1 0 0 172 127
img2X/13669421512750.jpg 1 0 0 172 127
img2X/1366942151412.jpg 1 0 0 179 127
img2X/13669421514120.jpg 1 0 0 179 127
img2X/1366942151529.jpg 1 0 0 178 127
img2X/13669421515290.jpg 1 0 0 178 127
img2X/1366942151643.jpg 1 0 0 179 128
img2X/13669421516430.jpg 1 0 0 179 128
img2X/1366942151786.jpg 1 0 0 179 127
img2X/13669421517860.jpg 1 0 0 179 127
img2X/1366942151915.jpg 1 0 0 179 127
img2X/13669421519150.jpg 1 0 0 179 127
img2X/1366942152052.jpg 1 0 0 193 135
img2X/13669421520520.jpg 1 0 0 193 135
img2X/1366942152173.jpg 1 0 0 179 109
img2X/13669421521730.jpg 1 0 0 179 109
img2X/1366942152343.jpg 1 0 0 189 119
img2X/13669421523430.jpg 1 0 0 189 119
img2X/1366942152483.jpg 1 0 0 189 119
img2X/13669421524830.jpg 1 0 0 189 119
img2X/1366942152724.jpg 1 0 0 207 148
img2X/13669421527240.jpg 1 0 0 207 148
img2X/1366942152833.jpg 1 0 0 210 150
img2X/13669421528330.jpg 1 0 0 210 150
img2X/1366942152931.jpg 1 0 0 238 156
img2X/13669421529310.jpg 1 0 0 238 156
img2X/1366942153028.jpg 1 0 0 209 178
img2X/13669421530280.jpg 1 0 0 209 178
img2X/1366942153187.jpg 1 0 0 173 167
img2X/13669421531870.jpg 1 0 0 173 167
img2X/1366942153304.jpg 1 0 0 173 156
img2X/13669421533040.jpg 1 0 0 173 156
img2X/1366942153399.jpg 1 0 0 196 183
img2X/13669421533990.jpg 1 0 0 196 183
img2X/1366942153498.jpg 1 0 0 195 183
img2X/13669421534980.jpg 1 0 0 195 183
img2X/1366942153618.jpg 1 0 0 232 184
img2X/13669421536180.jpg 1 0 0 232 184
img2X/1366942153759.jpg 1 0 0 252 184
img2X/13669421537590.jpg 1 0 0 252 184
img2X/1366942153893.jpg 1 0 0 226 157
img2X/13669421538930.jpg 1 0 0 226 157
img2X/1366942154036.jpg 1 0 0 236 160
img2X/13669421540360.jpg 1 0 0 236 160
img2X/1366942154196.jpg 1 0 0 262 181
img2X/13669421541960.jpg 1 0 0 262 181
img2X/1366942154316.jpg 1 0 0 263 181
img2X/13669421543160.jpg 1 0 0 263 181
img2X/1366942154405.jpg 1 0 0 250 181
img2X/13669421544050.jpg 1 0 0 250 181
img2X/1366942154519.jpg 1 0 0 232 181
img2X/13669421545190.jpg 1 0 0 232 181
img2X/1366942154650.jpg 1 0 0 209 181
img2X/13669421546500.jpg 1 0 0 209 181
img2X/1366942155235.jpg 1 0 0 190 181
img2X/13669421552350.jpg 1 0 0 190 181
img2X/1366942155590.jpg 1 0 0 264 181
img2X/13669421555900.jpg 1 0 0 264 181
img2X/1366942155750.jpg 1 0 0 282 181
img2X/13669421557500.jpg 1 0 0 282 181
img2X/1366942156338.jpg 1 0 0 278 181
img2X/13669421563380.jpg 1 0 0 278 181
img2X/1366942156561.jpg 1 0 0 271 179
img2X/13669421565610.jpg 1 0 0 271 179
img2X/1366942156721.jpg 1 0 0 271 179
img2X/13669421567210.jpg 1 0 0 271 179
img2X/1366942156922.jpg 1 0 0 245 160
img2X/13669421569220.jpg 1 0 0 245 160
img2X/1366942157127.jpg 1 0 0 261 177
img2X/13669421571270.jpg 1 0 0 261 177
img2X/1366942157258.jpg 1 0 0 260 176
img2X/13669421572580.jpg 1 0 0 260 176
img2X/1366942157500.jpg 1 0 0 260 176
img2X/13669421575000.jpg 1 0 0 260 176
img2X/1366942157624.jpg 1 0 0 260 176
img2X/13669421576240.jpg 1 0 0 260 176
img2X/1366942157764.jpg 1 0 0 260 176
img2X/13669421577640.jpg 1 0 0 260 176
img2X/1366942157935.jpg 1 0 0 260 176
img2X/13669421579350.jpg 1 0 0 260 176
img2X/1366942158021.jpg 1 0 0 260 176
img2X/13669421580210.jpg 1 0 0 260 176
img2X/1366942158123.jpg 1 0 0 233 143
img2X/13669421581230.jpg 1 0 0 233 143
img2X/1366942158234.jpg 1 0 0 233 144
img2X/13669421582340.jpg 1 0 0 233 144
img2X/1366942158370.jpg 1 0 0 232 162
img2X/13669421583700.jpg 1 0 0 232 162
img2X/1366942158479.jpg 1 0 0 233 161
img2X/13669421584790.jpg 1 0 0 233 161
img2X/1366942158612.jpg 1 0 0 232 162
img2X/13669421586120.jpg 1 0 0 232 162
img2X/1366942158739.jpg 1 0 0 213 138
img2X/13669421587390.jpg 1 0 0 213 138
img2X/1366942158867.jpg 1 0 0 212 138
img2X/13669421588670.jpg 1 0 0 212 138
img2X/1366942158997.jpg 1 0 0 212 138
img2X/13669421589970.jpg 1 0 0 212 138
img2X/1366942159250.jpg 1 0 0 213 139
img2X/13669421592500.jpg 1 0 0 213 139
img2X/1366942159370.jpg 1 0 0 212 139
img2X/13669421593700.jpg 1 0 0 212 139
img2X/1366942159519.jpg 1 0 0 191 104
img2X/13669421595190.jpg 1 0 0 191 104
img2X/1366942159636.jpg 1 0 0 185 132
img2X/13669421596360.jpg 1 0 0 185 132
img2X/1366942159731.jpg 1 0 0 186 132
img2X/13669421597310.jpg 1 0 0 186 132
img2X/1366942159831.jpg 1 0 0 186 132
img2X/13669421598310.jpg 1 0 0 186 132
img2X/1366942159928.jpg 1 0 0 185 132
img2X/13669421599280.jpg 1 0 0 185 132
img2X/1366942160038.jpg 1 0 0 186 132
img2X/13669421600380.jpg 1 0 0 186 132
img2X/1366942160224.jpg 1 0 0 185 131
img2X/13669421602240.jpg 1 0 0 185 131
img2X/1366942160336.jpg 1 0 0 169 117
img2X/13669421603360.jpg 1 0 0 169 117
img2X/1366942160444.jpg 1 0 0 169 117
img2X/13669421604440.jpg 1 0 0 169 117
img2X/1366942160623.jpg 1 0 0 169 118
img2X/13669421606230.jpg 1 0 0 169 118
img2X/1366942164166.jpg 1 0 0 221 146
img2X/13669421641660.jpg 1 0 0 221 146
img2X/1366942164294.jpg 1 0 0 238 149
img2X/13669421642940.jpg 1 0 0 238 149
img2X/1366942164986.jpg 1 0 0 260 174
img2X/13669421649860.jpg 1 0 0 260 174
img2X/1366942165502.jpg 1 0 0 250 168
img2X/13669421655020.jpg 1 0 0 250 168
img2X/1366942165629.jpg 1 0 0 250 168
img2X/13669421656290.jpg 1 0 0 250 168
img2X/1366942165904.jpg 1 0 0 250 169
img2X/13669421659040.jpg 1 0 0 250 169
img2X/1366942204063.jpg 1 0 0 205 143
img2X/13669422040630.jpg 1 0 0 205 143
img2X/1366942204197.jpg 1 0 0 206 142
img2X/13669422041970.jpg 1 0 0 206 142
img2X/1366942204411.jpg 1 0 0 206 142
img2X/13669422044110.jpg 1 0 0 206 142
img2X/1366942204539.jpg 1 0 0 205 142
img2X/13669422045390.jpg 1 0 0 205 142
img2X/1366942204706.jpg 1 0 0 205 142
img2X/13669422047060.jpg 1 0 0 205 142
img2X/1366942204870.jpg 1 0 0 206 142
img2X/13669422048700.jpg 1 0 0 206 142
img2X/1366942205007.jpg 1 0 0 206 142
img2X/13669422050070.jpg 1 0 0 206 142
img2X/1366942205163.jpg 1 0 0 206 142
img2X/13669422051630.jpg 1 0 0 206 142
img2X/1366942205284.jpg 1 0 0 206 143
img2X/13669422052840.jpg 1 0 0 206 143
img2X/1366942205488.jpg 1 0 0 206 142
img2X/13669422054880.jpg 1 0 0 206 142
img2X/1366942205646.jpg 1 0 0 205 142
img2X/13669422056460.jpg 1 0 0 205 142
img2X/1366942205807.jpg 1 0 0 206 142
img2X/13669422058070.jpg 1 0 0 206 142
img2X/1366942205968.jpg 1 0 0 205 143
img2X/13669422059680.jpg 1 0 0 205 143
img2X/1366942206088.jpg 1 0 0 206 142
img2X/13669422060880.jpg 1 0 0 206 142
img2X/1366942206248.jpg 1 0 0 206 142
img2X/13669422062480.jpg 1 0 0 206 142
img2X/1366942206410.jpg 1 0 0 206 142
img2X/13669422064100.jpg 1 0 0 206 142
img2X/1366942206569.jpg 1 0 0 206 142
img2X/13669422065690.jpg 1 0 0 206 142
img2X/1366942206690.jpg 1 0 0 206 142
img2X/13669422066900.jpg 1 0 0 206 142
img2X/1366942206810.jpg 1 0 0 215 159
img2X/13669422068100.jpg 1 0 0 215 159
img2X/1366942206947.jpg 1 0 0 215 159
img2X/13669422069470.jpg 1 0 0 215 159
img2X/1366942207228.jpg 1 0 0 215 158
img2X/13669422072280.jpg 1 0 0 215 158
img2X/1366942207368.jpg 1 0 0 215 159
img2X/13669422073680.jpg 1 0 0 215 159
img2X/1366942207507.jpg 1 0 0 215 159
img2X/13669422075070.jpg 1 0 0 215 159
img2X/1366942207654.jpg 1 0 0 216 159
img2X/13669422076540.jpg 1 0 0 216 159
img2X/1366942207812.jpg 1 0 0 216 158
img2X/13669422078120.jpg 1 0 0 216 158
img2X/1366942207926.jpg 1 0 0 216 159
img2X/13669422079260.jpg 1 0 0 216 159
img2X/1366942208083.jpg 1 0 0 215 158
img2X/13669422080830.jpg 1 0 0 215 158
img2X/1366942208210.jpg 1 0 0 215 158
img2X/13669422082100.jpg 1 0 0 215 158
img2X/1366942208325.jpg 1 0 0 215 159
img2X/13669422083250.jpg 1 0 0 215 159
img2X/1366942208473.jpg 1 0 0 215 159
img2X/13669422084730.jpg 1 0 0 215 159
img2X/1366942208612.jpg 1 0 0 215 159
img2X/13669422086120.jpg 1 0 0 215 159
img2X/1366942208752.jpg 1 0 0 215 159
img2X/13669422087520.jpg 1 0 0 215 159
img2X/1366942208900.jpg 1 0 0 215 158
img2X/13669422089000.jpg 1 0 0 215 158
img2X/1366942209012.jpg 1 0 0 215 158
img2X/13669422090120.jpg 1 0 0 215 158
img2X/1366942209132.jpg 1 0 0 215 158
img2X/13669422091320.jpg 1 0 0 215 158
img2X/1366942209516.jpg 1 0 0 215 159
img2X/13669422095160.jpg 1 0 0 215 159
img2X/1366942209666.jpg 1 0 0 216 158
img2X/13669422096660.jpg 1 0 0 216 158
img2X/1366942209798.jpg 1 0 0 231 159
img2X/13669422097980.jpg 1 0 0 231 159
img2X/1366942209947.jpg 1 0 0 231 158
img2X/13669422099470.jpg 1 0 0 231 158
img2X/1366942210083.jpg 1 0 0 231 158
img2X/13669422100830.jpg 1 0 0 231 158
img2X/1366942210262.jpg 1 0 0 230 159
img2X/13669422102620.jpg 1 0 0 230 159
img2X/1366942210381.jpg 1 0 0 231 148
img2X/13669422103810.jpg 1 0 0 231 148
img2X/1366942210519.jpg 1 0 0 231 149
img2X/13669422105190.jpg 1 0 0 231 149
img2X/1366942210778.jpg 1 0 0 231 148
img2X/13669422107780.jpg 1 0 0 231 148